1605	1	
36.5213503	-52.27720925	0
36.48953592	-52.28891894	0
36.457248	-52.29909982	0
36.42451362	-52.3077654	0
36.39127188	-52.31490216	0
36.35751603	-52.32049656	0
36.32334753	-52.3244945	0
36.28889492	-52.32686891	0
36.25414465	-52.32758597	0
36.21921174	-52.32661185	0
36.18423824	-52.3239398	0
36.14921062	-52.31953598	0
36.11424389	-52.31337333	0
36.07950039	-52.30547216	0
36.04498689	-52.29579864	0
36.01079133	-52.28433924	0
35.9770896	-52.27113455	0
35.94390874	-52.25617103	0
35.91131642	-52.23943516	0
35.87951557	-52.22099459	0
35.84852647	-52.20084931	0
35.81841679	-52.1789858	0
35.7893827	-52.15551906	0
35.76145126	-52.13043555	0
35.73469687	-52.10375557	0
35.70929542	-52.07561442	0
35.68527397	-52.04600533	0
35.66272722	-52.01497565	0
35.64179048	-51.98267421	0
35.62249079	-51.94908071	0
35.60494992	-51.91434397	0
35.58924229	-51.87853842	0
35.57518524	-51.84181963	0
35.56132437	-51.80483701	0
35.54739585	-51.76767175	0
35.53339969	-51.73031031	0
35.51932911	-51.69275946	0
35.50519766	-51.6550192	0
35.49099179	-51.61708276	0
35.47671827	-51.57895015	0
35.46237034	-51.54062812	0
35.44796153	-51.50210316	0
35.43347154	-51.46338878	0
35.41891391	-51.42447146	0
35.40428863	-51.38535796	0
35.38958893	-51.34604829	0
35.37482159	-51.30652892	0
35.35997984	-51.26682013	0
35.34507044	-51.2269084	0
35.33008663	-51.18678696	0
35.31502841	-51.14646935	0
35.29990254	-51.10594203	0
35.28469549	-51.06521177	0
35.2694208	-51.02427857	0
35.2540717	-50.98313567	0
35.23864818	-50.94178982	0
35.22315702	-50.9002275	0
35.20758468	-50.85846901	0
35.19194469	-50.81648728	0
35.17622353	-50.77430261	0
35.16043472	-50.73190147	0
35.14456473	-50.68929063	0
35.12862034	-50.64646331	0
35.11260153	-50.60341953	0
35.0965083	-50.56016603	0
35.08034067	-50.51669607	0
35.06409863	-50.47300964	0
35.04777541	-50.42909997	0
35.03137777	-50.38497383	0
35.01489896	-50.34063123	0
34.99835251	-50.29606538	0
34.98172488	-50.25128307	0
34.96501607	-50.20627075	0
34.94823285	-50.16104197	0
34.93137521	-50.11558319	0
34.9144364	-50.06990793	0
34.89741642	-50.02399591	0
34.88032202	-49.97786742	0
34.86315321	-49.93150217	0
34.84589646	-49.88491368	0
34.8285653	-49.83809519	0
34.81115296	-49.7910467	0
34.79365945	-49.74376822	0
34.77609152	-49.69625973	0
34.75844242	-49.64851447	0
34.74071214	-49.60053246	0
34.72290069	-49.55232044	0
34.70500129	-49.50387842	0
34.68702748	-49.45519288	0
34.6689725	-49.40627057	0
34.65083634	-49.35711826	0
34.632619	-49.30772242	0
34.61431372	-49.25808981	0
34.59592727	-49.20821368	0
34.57745287	-49.15809402	0
34.55890407	-49.10773759	0
34.54026055	-49.05713087	0
34.52154263	-49.00628739	0
34.50273676	-48.95520037	0
34.48384296	-48.90386306	0
34.46486797	-48.85228223	0
34.44580505	-48.80045786	0
34.42666095	-48.74837643	0
34.40742214	-48.69605148	0
34.38810216	-48.64347623	0
34.36869423	-48.59065069	0
34.34919837	-48.53758162	0
34.32962132	-48.48424872	0
34.30994281	-48.4306723	0
34.29018989	-48.37683882	0
34.27034226	-48.32274827	0
34.25040669	-48.26840067	0
34.23038318	-48.21380278	0
34.21026496	-48.15894106	0
34.1900588	-48.10382905	0
34.1697647	-48.04845322	0
34.14938266	-47.99282033	0
34.12890591	-47.93693037	0
34.10834122	-47.8807766	0
34.08767506	-47.824359	0
34.06692773	-47.76767758	0
34.04608569	-47.7107391	0
34.02514894	-47.65353003	0
34.00411749	-47.59606391	0
33.9829981	-47.53832043	0
33.96177723	-47.48031989	0
33.94046843	-47.422042	0
33.91906492	-47.36350705	0
33.8975667	-47.30469475	0
33.87596701	-47.24561862	0
33.85427939	-47.18627191	0
33.83249029	-47.12664784	0
33.81060648	-47.06675319	0
33.78862797	-47.00658795	0
33.76654799	-46.94615212	0
33.7443733	-46.88543894	0
33.72210391	-46.8244484	0
33.69973305	-46.76318728	0
33.67726072	-46.70164204	0
33.65469368	-46.63981944	0
33.63202517	-46.57772626	0
33.60924842	-46.51535573	0
33.58637697	-46.45270108	0
33.56340405	-46.38976231	0
33.54032966	-46.32655295	0
33.51714703	-46.26305271	0
33.49386293	-46.19927512	0
33.47047737	-46.13521341	0
33.44698356	-46.07087435	0
33.42338829	-46.00624441	0
33.39967802	-45.94133711	0
33.37586627	-45.87613217	0
33.35194629	-45.81065664	0
33.32791808	-45.74488346	0
33.30378163	-45.67882616	0
33.27953694	-45.61247798	0
33.25517726	-45.54584569	0
33.23070934	-45.47892251	0
33.20613318	-45.41171522	0
33.18143526	-45.34421704	0
33.15663587	-45.27642798	0
33.13171472	-45.20834128	0
33.10667856	-45.13997045	0
33.08153417	-45.07130198	0
33.05626802	-45.0023494	0
33.0308801	-44.93309916	0
33.00538395	-44.86355805	0
32.97976603	-44.79371928	0
32.95402634	-44.72358964	0
32.92817166	-44.65316235	0
32.90219521	-44.58243741	0
32.87609024	-44.51142835	0
32.84987026	-44.44011489	0
32.82352852	-44.36850377	0
32.79705148	-44.29659501	0
32.77045945	-44.2243886	0
32.74373888	-44.15189131	0
32.71688979	-44.07908961	0
32.68991893	-44.00599703	0
32.66281277	-43.93260003	0
32.63557809	-43.85889863	0
32.60821488	-43.78490634	0
32.58071637	-43.71060964	0
32.55308934	-43.63600853	0
32.52532701	-43.56111653	0
32.49742939	-43.48592013	0
32.46939647	-43.41041931	0
32.44122826	-43.33462085	0
32.41291799	-43.25851797	0
32.38447919	-43.18211069	0
32.35589157	-43.10539899	0
32.32716865	-43.02839641	0
32.29829691	-42.95108265	0
32.26928988	-42.87347125	0
32.24013402	-42.79554867	0
32.21083611	-42.71732844	0
32.18139613	-42.63880381	0
32.15180057	-42.55997476	0
32.12205619	-42.4808413	0
32.09216974	-42.40140342	0
32.06212771	-42.32166114	0
32.03193685	-42.24162121	0
32.00158364	-42.1612701	0
31.97108161	-42.08061458	0
31.94042399	-41.99965466	0
31.90961078	-41.91839708	0
31.87863522	-41.83682833	0
31.84750407	-41.75495516	0
31.81621057	-41.67278435	0
31.78475471	-41.59030236	0
31.75313651	-41.50751597	0
31.72134918	-41.42442516	0
31.6893995	-41.34102993	0
31.65728071	-41.2573303	0
31.62499279	-41.17332626	0
31.59253576	-41.08902456	0
31.55990285	-41.0044117	0
31.52710082	-40.91949442	0
31.49411614	-40.83427949	0
31.46096235	-40.74875339	0
31.42762591	-40.66292964	0
31.39411358	-40.57680148	0
31.36041861	-40.49036891	0
31.32654099	-40.40363869	0
31.29248073	-40.31661082	0
31.25823782	-40.22928531	0
31.2238055	-40.14164862	0
31.18919053	-40.05372105	0
31.15438614	-39.96548231	0
31.11938559	-39.87695268	0
31.08419562	-39.78811187	0
31.04880271	-39.69895313	0
31.01322038	-39.60948997	0
30.97744189	-39.51973593	0
30.94146721	-39.42968424	0
30.90529636	-39.33934167	0
30.86892933	-39.24868793	0
30.8323526	-39.1577433	0
30.79557969	-39.06650779	0
30.75860384	-38.97497464	0
30.72142505	-38.88314384	0
30.68404332	-38.79101539	0
30.64644512	-38.69859605	0
30.60864397	-38.60587908	0
30.57063312	-38.51287122	0
30.53241257	-38.41957247	0
30.49397554	-38.32597608	0
30.45532205	-38.23209558	0
30.41645885	-38.13791742	0
30.37737241	-38.04344839	0
30.3380695	-37.94869524	0
30.29855012	-37.85364444	0
30.25880075	-37.75830275	0
30.2188349	-37.66268372	0
30.17863905	-37.56676704	0
30.1382132	-37.47056624	0
30.09756412	-37.37408809	0
30.05668504	-37.27731229	0
30.01557596	-37.18025238	0
29.97423011	-37.08291511	0
29.9326475	-36.98529372	0
29.89083489	-36.88738822	0
29.84877875	-36.7891986	0
29.80648585	-36.69073162	0
29.76394941	-36.5919873	0
29.72116945	-36.49295886	0
29.67814596	-36.39365306	0
29.63487217	-36.29407668	0
29.59135486	-36.19421617	0
29.54758725	-36.09408508	0
29.50356258	-35.99366988	0
29.45928762	-35.89299085	0
29.4147556	-35.79204123	0
29.36996652	-35.69081426	0
29.32492038	-35.5893167	0
29.27961042	-35.48755532	0
29.2340434	-35.38552335	0
29.1882058	-35.28322755	0
29.14210436	-35.18066117	0
29.09573235	-35.07783773	0
29.04908974	-34.9747437	0
29.00216978	-34.87139262	0
28.954986	-34.76777771	0
28.90753163	-34.66392603	0
28.85980667	-34.55983083	0
28.81180436	-34.4554921	0
28.76352469	-34.35089631	0
28.71496768	-34.24605022	0
28.66612654	-34.14096061	0
28.61700129	-34.03561393	0
28.56758516	-33.9300305	0
28.51786461	-33.82413588	0
28.46784642	-33.7180045	0
28.41755088	-33.61163636	0
28.36695769	-33.50503145	0
28.31608038	-33.39818978	0
28.26490542	-33.29111811	0
28.21343958	-33.18381644	0
28.1616761	-33.07628477	0
28.10962173	-32.9685231	0
28.05726296	-32.86053819	0
28.00460653	-32.75233005	0
27.95164569	-32.64389191	0
27.89838045	-32.53523053	0
27.84481079	-32.42635945	0
27.79093672	-32.31726513	0
27.73675147	-32.20794758	0
27.68225505	-32.09842032	0
27.62745421	-31.9886766	0
27.57233544	-31.87872993	0
27.51689872	-31.76856679	0
27.46115083	-31.65819394	0
27.40508499	-31.54761816	0
27.34869445	-31.43683266	0
27.29198597	-31.325851	0
27.23495279	-31.21466639	0
27.1775949	-31.1032856	0
27.1199123	-30.99170187	0
27.06189823	-30.87992874	0
27.00355946	-30.76795942	0
26.94488245	-30.65579393	0
26.88588074	-30.54344579	0
26.82653403	-30.43090824	0
26.76686261	-30.31818805	0
26.70684619	-30.20527844	0
26.64649154	-30.09219295	0
26.58579188	-29.97892481	0
26.52474723	-29.86548079	0
26.46336434	-29.75186089	0
26.40162969	-29.63807187	0
26.33955004	-29.52410697	0
26.27711862	-29.40997972	0
26.21433544	-29.29568335	0
26.1512005	-29.18121786	0
26.08770702	-29.06659678	0
26.02386178	-28.95181335	0
25.95965801	-28.8368811	0
25.89513631	-28.72186767	0
25.83025607	-28.60671218	0
25.7650173	-28.49141464	0
25.69942001	-28.37597503	0
25.63346418	-28.26040013	0
25.56709571	-28.14462229	0
25.50034165	-28.0286821	0
25.4332223	-27.9126269	0
25.36574441	-27.79645671	0
25.29790124	-27.68017152	0
25.229686	-27.56377809	0
25.16109871	-27.44728319	0
25.09214612	-27.33068006	0
25.02281471	-27.21398222	0
24.95310448	-27.09718291	0
24.88302219	-26.98028889	0
24.81256107	-26.86330693	0
24.74171437	-26.74623704	0
24.67048884	-26.62908596	0
24.59887773	-26.51184695	0
24.52687426	-26.39452675	0
24.45449197	-26.27713892	0
24.38171056	-26.1596699	0
24.3085368	-26.04214	0
24.23497746	-25.92453569	0
24.16101223	-25.8068705	0
24.08665464	-25.68914443	0
24.01189118	-25.57136423	0
23.93673536	-25.45352316	0
23.8611669	-25.3356415	0
23.78519932	-25.21770572	0
23.70881909	-25.09972935	0
23.63203298	-24.98171239	0
23.55482746	-24.86365485	0
23.47721606	-24.74556348	0
23.39919201	-24.62743829	0
23.32074854	-24.50929281	0
23.24188567	-24.3911135	0
23.16259662	-24.27292066	0
23.08288816	-24.15471429	0
23.00275353	-24.03648763	0
22.92219948	-23.9182542	0
22.84121249	-23.80000725	0
22.75979256	-23.68176705	0
22.67793969	-23.5635201	0
22.59565388	-23.44527991	0
22.51293513	-23.32704648	0
22.4297902	-23.20884688	0
22.34629351	-23.09078257	0
22.26237741	-22.97275208	0
22.17803513	-22.85475542	0
22.09321255	-22.73670464	0
22.00794351	-22.61866063	0
21.92226182	-22.50067073	0
21.83618101	-22.38272818	0
21.74968756	-22.26483976	0
21.66280175	-22.14700545	0
21.57551006	-22.02923202	0
21.48781926	-21.91150595	0
21.39972933	-21.79384752	0
21.31125382	-21.67623645	0
21.22238596	-21.55869302	0
21.13312574	-21.44121047	0
21.04347317	-21.32378881	0
20.95344178	-21.20642803	0
20.8630248	-21.0891349	0
20.772229	-20.97190265	0
20.68106113	-20.85473804	0
20.58950768	-20.73764108	0
20.49758894	-20.62061177	0
20.40529814	-20.50365011	0
20.31263528	-20.3867561	0
20.21960712	-20.26993649	0
20.12622044	-20.15318453	0
20.03246846	-20.03650699	0
19.93836472	-19.91990385	0
19.84390245	-19.80336837	0
19.74908842	-19.68691406	0
19.65392262	-19.57053416	0
19.55841182	-19.45423544	0
19.46255602	-19.33801113	0
19.36635522	-19.22186123	0
19.26982295	-19.1057925	0
19.17295245	-18.98981172	0
19.07574371	-18.87390535	0
18.97821026	-18.75808016	0
18.88035211	-18.64233614	0
18.78216926	-18.52668007	0
18.68366169	-18.41110517	0
18.58483619	-18.29561144	0
18.48569951	-18.18021243	0
18.38624489	-18.06489459	0
18.28656028	-17.94974586	0
18.1865983	-17.83472567	0
18.0862778	-17.7197393	0
17.98562583	-17.60482734	0
17.88468974	-17.49003714	0
17.78345601	-17.37536871	0
17.68193815	-17.26082205	0
17.58012942	-17.14641068	0
17.4780298	-17.0321346	0
17.3756393	-16.91798705	0
17.27295792	-16.80398833	0
17.16998566	-16.69013166	0
17.06672928	-16.57641706	0
16.96318201	-16.46285804	0
16.85935063	-16.34944784	0
16.75522837	-16.23619323	0
16.65081523	-16.12310774	0
16.54611797	-16.01017784	0
16.44112982	-15.89741706	0
16.33585756	-15.78482539	0
16.23029442	-15.67240961	0
16.12444716	-15.5601697	0
16.01831578	-15.44811245	0
15.91189352	-15.33623784	0
15.8051939	-15.22454588	0
15.69820341	-15.11305009	0
15.5909288	-15.00174372	0
15.48337007	-14.89064029	0
15.37552722	-14.77973303	0
15.26740025	-14.66902871	0
15.15898917	-14.55853411	0
15.05030074	-14.44824244	0
14.94132142	-14.338174	0
14.83206475	-14.22831527	0
14.72253073	-14.11867978	0
14.61271259	-14.00926752	0
14.50261709	-13.9000785	0
14.39223749	-13.79111948	0
14.28158052	-13.68239722	0
14.17063944	-13.57391173	0
14.05942777	-13.465663	0
13.94793875	-13.35765103	0
13.83616562	-13.24989613	0
13.72412189	-13.14238475	0
13.61190228	-13.03521837	0
13.49938503	-12.92828199	0
13.38662424	-12.82162297	0
13.27362669	-12.715221	0
13.16039238	-12.60909639	0
13.0469416	-12.50322883	0
12.93326758	-12.39761834	0
12.81938385	-12.29225813	0
12.70529042	-12.18715499	0
12.59100758	-12.08230214	0
12.47652856	-11.97769282	0
12.3618669	-11.87332026	0
12.24702259	-11.76919124	0
12.13201592	-11.66529897	0
12.01684014	-11.56162995	0
11.901502	-11.45819092	0
11.78601505	-11.35498189	0
11.67038603	-11.25198933	0
11.55461495	-11.14921325	0
11.43871535	-11.04665363	0
11.32268721	-10.94430372	0
11.20654408	-10.84216351	0
11.09028594	-10.74021948	0
10.97392634	-10.6384784	0
10.85747203	-10.53694025	0
10.74092301	-10.43559151	0
10.62428606	-10.33443219	0
10.50756792	-10.23345551	0
10.39078214	-10.13266825	0
10.27393548	-10.03205686	0
10.15702117	-9.931621364	0
10.0400595	-9.831361745	0
9.923057254	-9.731264479	0
9.80600765	-9.631343096	0
9.688930987	-9.5315773	0
9.571827265	-9.431967092	0
9.454703249	-9.332519238	0
9.337565704	-9.233213442	0
9.220421394	-9.134063234	0
9.103283849	-9.035061849	0
8.986173362	-8.936222818	0
8.86908317	-8.837532609	0
8.752006507	-8.73898446	0
8.634943374	-8.640578369	0
8.517907299	-8.542314337	0
8.400891518	-8.444199128	0
8.283902797	-8.346232742	0
8.166941134	-8.24841518	0
8.050020059	-8.150746442	0
7.933126043	-8.053226527	0
7.81627938	-7.95584867	0
7.69946654	-7.858626402	0
7.582701053	-7.761552957	0
7.46598292	-7.664628335	0
7.349312139	-7.567859302	0
7.232695475	-7.471239092	0
7.11613293	-7.37477447	0
6.999631266	-7.278458671	0
6.883183721	-7.18229846	0
6.766803822	-7.086287073	0
6.650492043	-6.990431274	0
6.534247303	-6.894731063	0
6.418074201	-6.799186441	0
6.301975579	-6.703799097	0
6.185954615	-6.608565515	0
6.070012798	-6.513488671	0
5.954153646	-6.418568092	0
5.838379661	-6.323804725	0
5.722693888	-6.229199177	0
5.607098289	-6.134751857	0
5.491595501	-6.040462762	0
5.376188907	-5.946332435	0
5.260880605	-5.852361417	0
5.145673637	-5.758550113	0
5.030569967	-5.664899133	0
4.915572705	-5.571408408	0
4.800683746	-5.478078481	0
4.685906202	-5.384910297	0
4.571243049	-5.291903384	0
4.456695775	-5.199058823	0
4.342267492	-5.106376548	0
4.227961177	-5.013857031	0
4.113778385	-4.921501356	0
3.999725069	-4.829311957	0
3.885796765	-4.737293975	0
3.771988129	-4.645455393	0
3.658294966	-4.553805276	0
3.544712406	-4.462352755	0
3.431236187	-4.371106896	0
3.317862047	-4.28007629	0
3.204585658	-4.189269122	0
3.091402553	-4.098694592	0
2.978308607	-4.008361291	0
2.865299356	-3.918277405	0
2.75237101	-3.828451794	0
2.639536152	-3.738873231	0
2.5268351	-3.649492671	0
2.41431223	-3.560258092	0
2.302011378	-3.471117949	0
2.189975634	-3.382020965	0
2.078247616	-3.292917081	0
1.966869469	-3.203756305	0
1.855882524	-3.114490474	0
1.745327303	-3.025071355	0
1.635247099	-2.935450174	0
1.5258573	-2.845380155	0
1.417637117	-2.754266884	0
1.311138957	-2.661525621	0
1.206944718	-2.566594151	0
1.105617224	-2.46888435	0
1.007908506	-2.3679923	0
0.914463714	-2.263429249	0
0.825843505	-2.155026623	0
0.742152869	-2.043189559	0
0.663245032	-1.928199062	0
0.58900249	-1.810360761	0
0.519416078	-1.690164895	0
0.454270623	-1.56775244	0
0.393443963	-1.443390736	0
0.336861536	-1.317437704	0
0.284335974	-1.18998203	0
0.235768946	-1.061275495	0
0.191044172	-0.931500002	0
0.15008731	-0.800778263	0
0.113094142	-0.669100421	0
0.08043298	-0.536641392	0
0.052419099	-0.403340725	0
0.029423454	-0.269321784	0
0.011837653	-0.134887793	0
0	0	0
-0.005859787	0.135390147	0
-0.006046682	0.270673472	0
-0.001055418	0.405856612	0
0.008630278	0.540928054	0
0.022488769	0.675481373	0
0.04002018	0.809499111	0
0.060751757	0.943046059	0
0.084226089	1.076168997	0
0.109971611	1.208776531	0
0.13756104	1.340966752	0
0.166577051	1.472826516	0
0.196614206	1.604436528	0
0.227503288	1.735807341	0
0.259402562	1.866896809	0
0.292495792	1.997659272	0
0.326981563	2.12809412	0
0.363060516	2.258186539	0
0.400862917	2.387667294	0
0.440574771	2.516473203	0
0.482384148	2.644541015	0
0.526481631	2.771806669	0
0.573060541	2.898204886	0
0.622317136	3.023669506	0
0.674389936	3.147992245	0
0.729329975	3.270803209	0
0.787398092	3.392314809	0
0.848313268	3.512286696	0
0.911779481	3.630804781	0
0.977535003	3.748013423	0
1.045323588	3.864053802	0
1.114894063	3.979064728	0
1.185951419	4.093106679	0
1.258204097	4.206246692	0
1.331452945	4.318689468	0
1.405468707	4.430584574	0
1.480024292	4.542079006	0
1.554937257	4.653307857	0
1.630173506	4.764260504	0
1.705762805	4.874912732	0
1.781735933	4.985243433	0
1.858123467	5.095230352	0
1.934955576	5.204851909	0
2.012263041	5.314085376	0
2.090075965	5.422909579	0
2.16842445	5.531302328	0
2.247338937	5.639242046	0
2.326849259	5.746707423	0
2.406961775	5.853645628	0
2.487890045	5.960265755	0
2.569494989	6.066256969	0
2.651828424	6.171549525	0
2.734952719	6.276089169	0
2.818929502	6.379820838	0
2.903820601	6.482690684	0
2.989686359	6.584644724	0
3.076588469	6.685629113	0
3.164587204	6.785589394	0
3.2537425	6.884475778	0
3.34411463	6.982232458	0
3.435763192	7.078805315	0
3.528747173	7.174146997	0
3.623125697	7.268203386	0
3.718957549	7.360920364	0
3.815942782	7.451912344	0
3.914218855	7.541240207	0
4.01393838	7.628991896	0
4.11495091	7.715065938	0
4.217235136	7.79948263	0
4.320770966	7.882269028	0
4.425540949	7.963445428	0
4.531528577	8.043038888	0
4.638721337	8.121056174	0
4.746964925	8.197422872	0
4.856206442	8.272132219	0
4.96643229	8.345211273	0
5.077630361	8.416666799	0
5.189788614	8.486525856	0
5.302896901	8.554801973	0
5.416947172	8.621501915	0
5.531919743	8.686632446	0
5.647675124	8.75013945	0
5.764166776	8.812016161	0
5.881387798	8.872269344	0
5.999332033	8.930919293	0
6.117992989	8.987966008	0
6.237366606	9.043429783	0
6.357448419	9.097310619	0
6.47823579	9.149622044	0
6.599655661	9.200330235	0
6.721600743	9.249408134	0
6.84406346	9.296848975	0
6.967052471	9.342673052	0
7.090548834	9.386880367	0
7.214566079	9.429464153	0
7.339097442	9.470437941	0
7.464142921	9.509794966	0
7.589688989	9.547528463	0
7.715607114	9.583597843	0
7.841863475	9.617996342	0
7.968451306	9.650723961	0
8.095370608	9.681773934	0
8.222628144	9.711139497	0
8.350217151	9.738827414	0
8.478151157	9.764817391	0
8.606416634	9.789102664	0
8.734966228	9.811669703	0
8.863657881	9.832477921	0
8.992498357	9.851520551	0
9.121487657	9.86879083	0
9.25062578	9.884281993	0
9.379912726	9.897980511	0
9.509348496	9.909866089	0
9.638933089	9.919925198	0
9.768666506	9.928137543	0
9.898386393	9.934476067	0
10.02803187	9.938934005	0
10.1576097	9.941477532	0
10.28711311	9.942099884	0
10.41654888	9.940780768	0
10.54591024	9.937499888	0
10.67519719	9.932236952	0
10.80440972	9.92495137	0
10.93345314	9.915643142	0
11.06215156	9.904285211	0
11.19049821	9.890864046	0
11.31849986	9.875359354	0
11.44614299	9.85773731	0
11.57342758	9.837984386	0
11.70034688	9.816066758	0
11.82690089	9.791943838	0
11.9529949	9.765615626	0
12.0784395	9.737115945	0
12.20320086	9.706478618	0
12.32729252	9.673730706	0
12.45072123	9.63890603	0
12.57349377	9.602024886	0
12.6956169	9.563107567	0
12.81709062	9.522194661	0
12.93789463	9.479306463	0
13.057826	9.434557973	0
13.17689148	9.387989778	0
13.29510462	9.339622173	0
13.41247216	9.28950251	0
13.52901441	9.23765785	0
13.64473814	9.184115249	0
13.75966362	9.128908532	0
13.87379088	9.072071523	0
13.98699137	9.013705691	0
14.09923803	8.953858391	0
14.21057147	8.892570209	0
14.32099166	8.829874969	0
14.43051892	8.765792966	0
14.5391803	8.700358023	0
14.64698256	8.633603963	0
14.75393923	8.565551081	0
14.86001649	8.496273788	0
14.96515346	8.425839732	0
15.06937043	8.354275971	0
15.17270122	8.281616328	0
15.2751526	8.207881098	0
15.37675163	8.133090575	0
15.47750507	8.057285347	0
15.57743322	7.980472178	0
15.67659696	7.902644305	0
15.77503011	7.823815256	0
15.87256355	7.744147384	0
15.96923111	7.663660983	0
16.06503956	7.582369583	0
16.16001595	7.500307007	0
16.25417381	7.417486785	0
16.34753343	7.333929211	0
16.44011512	7.249647814	0
16.53192562	7.164669652	0
16.62298525	7.079008256	0
16.71330753	6.992677155	0
16.80291274	6.905696642	0
16.89181443	6.818080248	0
16.98001935	6.729848333	0
17.06754104	6.641012128	0
17.15440655	6.551586785	0
17.24060913	6.461586308	0
17.32611493	6.371098501	0
17.41089692	6.280159016	0
17.49500243	6.188760477	0
17.57843824	6.096915334	0
17.66121788	6.00463522	0
17.74336163	5.911932312	0
17.82487626	5.81881757	0
17.90578208	5.725302627	0
17.98607907	5.631398106	0
18.06578753	5.537114559	0
18.14492099	5.442462132	0
18.22348621	5.347450771	0
18.30149673	5.252090689	0
18.37895931	5.156390884	0
18.45589425	5.060360961	0
18.53229477	4.964009986	0
18.60818794	4.867347565	0
18.68357375	4.770381205	0
18.75845898	4.673132081	0
18.83293833	4.575486274	0
18.90689003	4.477609183	0
18.98032085	4.379503242	0
19.05323078	4.28117251	0
19.1256266	4.182618475	0
19.19750831	4.083844993	0
19.26888942	3.9848545	0
19.33976318	3.885650107	0
19.41013636	3.786234993	0
19.48001571	3.686612	0
19.549408	3.586784105	0
19.61830647	3.486754621	0
19.68672465	3.386526255	0
19.75466929	3.286102931	0
19.82213365	3.185487015	0
19.889138	3.084681824	0
19.95566882	2.983691211	0
20.02174641	2.882517614	0
20.087364	2.78116482	0
20.15252836	2.679635941	0
20.21724624	2.577934358	0
20.28153119	2.476063253	0
20.34536966	2.374026277	0
20.40877519	2.271826745	0
20.47176132	2.169467769	0
20.5343145	2.066953138	0
20.59645503	1.964286166	0
20.65818292	1.86147037	0
20.71949816	1.758509065	0
20.78041428	1.655405972	0
20.84092452	1.552164542	0
20.90104918	1.448788358	0
20.96078148	1.345280804	0
21.02012819	1.241645735	0
21.07907579	1.13792604	0
21.13759044	1.034188621	0
21.19571951	0.930372056	0
21.25346299	0.82647959	0
21.31082765	0.722514404	0
21.36782701	0.61847967	0
21.42446108	0.514378602	0
21.48072985	0.410214371	0
21.53664686	0.305990138	0
21.59221887	0.201709094	0
21.64744588	0.097374427	0
21.70233466	-0.007010715	0
21.75689873	-0.111443149	0
21.81113809	-0.215919699	0
21.86505275	-0.320437223	0
21.91865623	-0.424992562	0
21.97194854	-0.529582549	0
22.0249432	-0.634204067	0
22.07764021	-0.738853996	0
22.13004634	-0.843529137	0
22.18216836	-0.948226467	0
22.23401302	-1.052942805	0
22.28558033	-1.157674973	0
22.33688381	-1.262419993	0
22.38792347	-1.367174688	0
22.43870608	-1.471936079	0
22.48923839	-1.576701123	0
22.53952717	-1.681466573	0
22.58957242	-1.786229588	0
22.63938767	-1.89098692	0
22.68897292	-1.995735729	0
22.73832817	-2.100472768	0
22.78747371	-2.205195465	0
22.83640279	-2.309900371	0
22.88512892	-2.414584645	0
22.93365212	-2.519245512	0
22.9819656	-2.623853886	0
23.03010321	-2.728455292	0
23.07805817	-2.833057645	0
23.12583048	-2.937616163	0
23.17340661	-3.042130846	0
23.22078657	-3.146600882	0
23.26797712	-3.251025594	0
23.31498502	-3.355404712	0
23.36179674	-3.459737695	0
23.40841906	-3.564023798	0
23.45485872	-3.668262751	0
23.50110898	-3.772454081	0
23.54717658	-3.876597314	0
23.59305478	-3.980691639	0
23.63875033	-4.084736851	0
23.68426323	-4.188732343	0
23.72958672	-4.292678047	0
23.77473433	-4.396572474	0
23.81969929	-4.500416098	0
23.8644816	-4.604208243	0
23.90908127	-4.70794803	0
23.95350505	-4.811635322	0
23.99775296	-4.915269782	0
24.04181821	-5.018850259	0
24.08570759	-5.122377296	0
24.12942108	-5.225849944	0
24.17295869	-5.329267663	0
24.21631365	-5.432629911	0
24.25949949	-5.535936216	0
24.30251622	-5.639186576	0
24.3453503	-5.742380518	0
24.38801526	-5.845516961	0
24.43051111	-5.948595971	0
24.47283784	-6.051617482	0
24.51498868	-6.154580072	0
24.55697041	-6.257484147	0
24.59878302	-6.360328828	0
24.64042651	-6.463113439	0
24.68190089	-6.565838655	0
24.72320615	-6.668502854	0
24.76434905	-6.771106171	0
24.80532284	-6.873645494	0
24.84612751	-6.976130699	0
24.88677659	-7.078548257	0
24.92725656	-7.180904932	0
24.96756741	-7.283193961	0
25.00772267	-7.385428872	0
25.04770881	-7.487589371	0
25.08753936	-7.589695753	0
25.12720756	-7.691727723	0
25.16670665	-7.793705576	0
25.20605691	-7.895609017	0
25.24523805	-7.997451575	0
25.2842636	-8.099226487	0
25.32313357	-8.200933751	0
25.36184118	-8.302580133	0
25.40039321	-8.404152104	0
25.43878964	-8.505656427	0
25.47702373	-8.607099869	0
25.51510899	-8.708468898	0
25.5530319	-8.809770281	0
25.59080598	-8.911004016	0
25.62842448	-9.012170105	0
25.66588739	-9.113261781	0
25.70320147	-9.214285811	0
25.74035997	-9.315242194	0
25.77736964	-9.416124165	0
25.81422373	-9.516938489	0
25.85092899	-9.617678402	0
25.88748543	-9.718343902	0
25.92388628	-9.818941756	0
25.96014507	-9.919465198	0
25.99624828	-10.01992099	0
26.03220266	-10.12029561	0
26.06801498	-10.22060258	0
26.10367848	-10.32083514	0
26.13919315	-10.42099329	0
26.17453871	-10.52100262	0
26.20972191	-10.62090371	0
26.24476306	-10.72073038	0
26.27965538	-10.82046912	0
26.31440565	-10.92013345	0
26.34901385	-11.01973012	0
26.38348676	-11.11927945	0
26.41781762	-11.21873407	0
26.45199965	-11.31810751	0
26.48603962	-11.41739978	0
26.51994429	-11.51659734	0
26.55370691	-11.61571372	0
26.58732747	-11.71474217	0
26.62081273	-11.8136759	0
26.6541627	-11.91252846	0
26.68737738	-12.01128632	0
26.72045676	-12.10995623	0
26.75340085	-12.20853821	0
26.78621641	-12.30702547	0
26.81890344	-12.4054248	0
26.85145518	-12.50373619	0
26.88388515	-12.60195287	0
26.91617983	-12.70007484	0
26.94835274	-12.79810887	0
26.98040389	-12.89604143	0
27.01232651	-12.99388605	0
27.04412737	-13.09163597	0
27.07580646	-13.18929118	0
27.10737055	-13.28685168	0
27.13880611	-13.38431748	0
27.17013343	-13.48168857	0
27.20133899	-13.57896496	0
27.23242279	-13.67613987	0
27.26339835	-13.77322008	0
27.29425215	-13.87019882	0
27.32500447	-13.96708285	0
27.35563504	-14.06387218	0
27.38615736	-14.16056004	0
27.41657145	-14.25714643	0
27.44687731	-14.35363811	0
27.47707493	-14.45002832	0
27.50716432	-14.54631706	0
27.53714547	-14.64250433	0
27.56702515	-14.73859013	0
27.59680336	-14.83457445	0
27.62647333	-14.93045731	0
27.6560486	-15.0262387	0
27.68551563	-15.12191862	0
27.71488796	-15.21749706	0
27.74415882	-15.31296727	0
27.77333497	-15.40833601	0
27.80240965	-15.50360328	0
27.83139639	-15.59876232	0
27.86028166	-15.69381988	0
27.88907222	-15.78876921	0
27.91777484	-15.88361707	0
27.94638276	-15.97835669	0
27.97489597	-16.07298808	0
28.00332124	-16.16751124	0
28.03165857	-16.26193292	0
28.05990795	-16.35624637	0
28.0880694	-16.45045158	0
28.11614967	-16.54454855	0
28.14413523	-16.6385373	0
28.17203962	-16.7324178	0
28.19986283	-16.82619007	0
28.2275981	-16.91984735	0
28.25525896	-17.01340315	0
28.28283188	-17.10684395	0
28.31032362	-17.20017651	0
28.33774095	-17.29339408	0
28.3650771	-17.38650341	0
28.39233884	-17.47950451	0
28.41951941	-17.57239737	0
28.44662556	-17.66516846	0
28.4736573	-17.75783809	0
28.50061463	-17.85038595	0
28.52749755	-17.94282557	0
28.55430605	-18.0351502	0
28.58104691	-18.12736659	0
28.60771336	-18.21946798	0
28.63431216	-18.31144761	0
28.66083655	-18.403319	0
28.68730005	-18.49508215	0
28.71368238	-18.58671001	0
28.74000383	-18.67821611	0
28.76625763	-18.76960721	0
28.79244379	-18.86088331	0
28.81856229	-18.9520444	0
28.84461992	-19.0430905	0
28.8706099	-19.1340216	0
28.89653899	-19.22483769	0
28.92239367	-19.31553203	0
28.94818747	-19.40611136	0
28.97392039	-19.49657569	0
28.9995789	-19.58691826	0
29.02518329	-19.67714583	0
29.05071327	-19.76725163	0
29.07618236	-19.8572492	0
29.10159058	-19.94712501	0
29.12693791	-20.03688581	0
29.15221083	-20.12652485	0
29.17742286	-20.21604889	0
29.20258078	-20.30545117	0
29.22766429	-20.39473844	0
29.25268692	-20.48391072	0
29.27764866	-20.57296799	0
29.30254952	-20.66189674	0
29.32738273	-20.75071725	0
29.35215506	-20.839416	0
29.37686651	-20.92799974	0
29.40151708	-21.01646172	0
29.4261	-21.10480871	0
29.4506288	-21.19303392	0
29.47508996	-21.28114414	0
29.49949023	-21.36913259	0
29.52382962	-21.45700605	0
29.54810813	-21.5447645	0
29.57231899	-21.63240119	0
29.59647573	-21.71991611	0
29.6205716	-21.80731604	0
29.64460658	-21.89460096	0
29.66858067	-21.98175736	0
29.69249389	-22.06880552	0
29.71634622	-22.15573191	0
29.74013767	-22.24253654	0
29.76386824	-22.32922617	0
29.78754469	-22.41579404	0
29.81115349	-22.5022469	0
29.83470817	-22.588578	0
29.85820198	-22.67479411	0
29.8816349	-22.76088844	0
29.9050137	-22.84686102	0
29.92832486	-22.93271859	0
29.95158866	-23.01846116	0
29.97478482	-23.1040752	0
29.99792686	-23.18958101	0
30.02100801	-23.27495829	0
30.04403505	-23.36022057	0
30.06700121	-23.44536785	0
30.08990648	-23.5303866	0
30.11275764	-23.61529711	0
30.13555468	-23.7000791	0
30.15829083	-23.78474608	0
30.18096611	-23.86929807	0
30.20358727	-23.95372829	0
30.2261543	-24.03803674	0
30.24866046	-24.12222344	0
30.2711125	-24.20629513	0
30.29350366	-24.29024505	0
30.3158407	-24.37407998	0
30.33812362	-24.45779314	0
30.36034566	-24.54139131	0
30.38252035	-24.62486094	0
30.40463415	-24.70822234	0
30.42668707	-24.79145521	0
30.44869264	-24.87457308	0
30.47063733	-24.95756918	0
30.4925279	-25.04045028	0
30.51436435	-25.12320962	0
30.53614668	-25.2058472	0
30.5578749	-25.28836977	0
30.579549	-25.37077059	0
30.60116221	-25.45304963	0
30.62272808	-25.53520691	0
30.64423982	-25.61725596	0
30.66569069	-25.69917648	0
30.6870942	-25.78098199	0
30.70843683	-25.86266575	0
30.7297321	-25.94422773	0
30.7509665	-26.02567472	0
30.77215354	-26.10699995	0
30.79328646	-26.18821017	0
30.81436526	-26.26929863	0
30.83539672	-26.35026532	0
30.85636729	-26.43111702	0
30.87728374	-26.51184018	0
30.89815284	-26.59245511	0
30.91896782	-26.67294828	0
30.93973545	-26.75331291	0
30.9604422	-26.83355578	0
30.98110159	-26.91368366	0
31.00170687	-26.99368976	0
31.02225802	-27.07358087	0
31.04276183	-27.15334345	0
31.06320475	-27.23299103	0
31.08360709	-27.31251684	0
31.10394854	-27.39192765	0
31.12424941	-27.4712167	0
31.14448939	-27.55038398	0
31.16468202	-27.62943627	0
31.18482729	-27.70836679	0
31.20491845	-27.78718231	0
31.22496226	-27.86587606	0
31.24495871	-27.94444805	0
31.26490105	-28.02289828	0
31.28478927	-28.10123351	0
31.3046369	-28.17944697	0
31.32443041	-28.25754543	0
31.34417657	-28.33552213	0
31.36387537	-28.41337706	0
31.38352683	-28.49111023	0
31.40313093	-28.56872839	0
31.42268091	-28.64621803	0
31.44219031	-28.72359943	0
31.46165235	-28.80085231	0
31.48106027	-28.87799018	0
31.50042761	-28.95500629	0
31.51974759	-29.0319074	0
31.53902022	-29.10867998	0
31.55825226	-29.18533756	0
31.57743695	-29.26187338	0
31.59657429	-29.33829419	0
31.61566427	-29.41459325	0
31.63471367	-29.49077053	0
31.65371571	-29.56683282	0
31.67267716	-29.64277334	0
31.69159127	-29.7185921	0
31.71045801	-29.79428909	0
31.72929094	-29.86987109	0
31.74806975	-29.94533131	0
31.76681473	-30.02066978	0
31.78551236	-30.09589324	0
31.8041694	-30.17099494	0
31.82277909	-30.24597488	0
31.84134819	-30.32083305	0
31.85987671	-30.39557622	0
31.87836463	-30.47019762	0
31.89681197	-30.54470403	0
31.91521872	-30.61908867	0
31.93357811	-30.69335155	0
31.95190369	-30.76749942	0
31.97018191	-30.84152553	0
31.98841954	-30.91542988	0
32.00662334	-30.98921246	0
32.0247798	-31.06288005	0
32.04290243	-31.13642587	0
32.06098447	-31.20985668	0
32.07902593	-31.28316574	0
32.09703356	-31.35635303	0
32.11499384	-31.42942532	0
32.13292029	-31.50237584	0
32.15080616	-31.57521137	0
32.16865144	-31.64792513	0
32.18646289	-31.72051712	0
32.20423376	-31.79299412	0
32.2219708	-31.86534935	0
32.23966726	-31.93758282	0
32.25732313	-32.00970128	0
32.27494517	-32.08169799	0
32.29253339	-32.15357969	0
32.31008102	-32.22533963	0
32.32759483	-32.29698456	0
32.34506805	-32.36850774	0
32.36250745	-32.43990914	0
32.37991302	-32.51119555	0
32.397278	-32.5823602	0
32.41460917	-32.65340984	0
32.4319065	-32.72434449	0
32.44916325	-32.7951506	0
32.46639294	-32.86584848	0
32.48358205	-32.93642459	0
32.50073733	-33.00687895	0
32.51785878	-33.0772183	0
32.53494641	-33.14743588	0
32.55200022	-33.21753847	0
32.56901344	-33.28751929	0
32.58599961	-33.35738511	0
32.60295194	-33.42713593	0
32.61987046	-33.49676499	0
32.63674838	-33.56627228	0
32.65359925	-33.63566458	0
32.6704163	-33.70494187	0
32.68720628	-33.7740974	0
32.70395568	-33.84313792	0
32.72067802	-33.91206345	0
32.73735977	-33.98086722	0
32.75401446	-34.04955598	0
32.77063533	-34.11812298	0
32.78722914	-34.18657498	0
32.80378912	-34.25491198	0
32.82031528	-34.32312721	0
32.83680762	-34.39122745	0
32.8532729	-34.45921268	0
32.86970436	-34.52707615	0
32.88610876	-34.59482462	0
32.90247933	-34.66245809	0
32.91881608	-34.72997656	0
32.93512577	-34.79737327	0
32.95140841	-34.86465498	0
32.96765721	-34.93181492	0
32.98387897	-34.99886663	0
33.00006689	-35.06579657	0
33.016221	-35.13261151	0
33.03235481	-35.19931145	0
33.04844803	-35.26588963	0
33.06452095	-35.33235281	0
33.08056006	-35.39870775	0
33.0965721	-35.46494093	0
33.11255709	-35.53105234	0
33.12850825	-35.59705552	0
33.14443236	-35.66294369	0
33.1603294	-35.72871011	0
33.17619262	-35.79436152	0
33.19203555	-35.85989794	0
33.20784465	-35.92532611	0
33.2236267	-35.99063253	0
33.23938168	-36.05582394	0
33.25510961	-36.12089359	0
33.27080372	-36.185855	0
33.28647753	-36.25070142	0
33.30211751	-36.31543283	0
33.31773044	-36.38004925	0
33.33331631	-36.44455066	0
33.34887512	-36.50893708	0
33.36440687	-36.57320849	0
33.3799048	-36.63736491	0
33.39538243	-36.70141309	0
33.41082624	-36.7653395	0
33.42624976	-36.82915092	0
33.44163945	-36.8928541	0
33.45700208	-36.95643551	0
33.47233766	-37.01990869	0
33.48764617	-37.08327364	0
33.50292763	-37.14651682	0
33.51818203	-37.20965176	0
33.53340937	-37.27266494	0
33.54860289	-37.33556989	0
33.56377611	-37.3983666	0
33.57891551	-37.46104154	0
33.59403461	-37.52360825	0
33.60911989	-37.58606673	0
33.62418488	-37.64840344	0
33.63921604	-37.71063191	0
33.65422015	-37.77274539	0
33.66920396	-37.83475063	0
33.68415394	-37.89664087	0
33.69908364	-37.95841611	0
33.71397951	-38.02008312	0
33.72884832	-38.08164189	0
33.74369683	-38.14308566	0
33.75851153	-38.20441443	0
33.77329916	-38.26563496	0
33.7880665	-38.3267405	0
33.80280002	-38.3877378	0
33.81751324	-38.44862686	0
33.83219264	-38.50940093	0
33.84684498	-38.57005999	0
33.86147703	-38.63061082	0
33.87607525	-38.69106018	0
33.89065318	-38.75138777	0
33.90520405	-38.81160713	0
33.91972786	-38.87171826	0
33.93421784	-38.93171438	0
33.94868754	-38.99160227	0
33.96313017	-39.05138192	0
33.97754575	-39.11105334	0
33.99193427	-39.17061653	0
34.00629572	-39.23006471	0
34.02063689	-39.28940466	0
34.03494423	-39.34863637	0
34.04922451	-39.40775309	0
34.0634845	-39.46676833	0
34.07771743	-39.52567534	0
34.0919233	-39.58446734	0
34.10610211	-39.64315112	0
34.12025386	-39.70172665	0
34.13437855	-39.76019396	0
34.14848295	-39.81855302	0
34.16256029	-39.87680385	0
34.17660381	-39.93494645	0
34.19062703	-39.99298081	0
34.2046232	-40.05090694	0
34.2185923	-40.10872483	0
34.23254111	-40.16643448	0
34.2464561	-40.2240359	0
34.26034403	-40.28153585	0
34.27421843	-40.33892081	0
34.28805224	-40.39620428	0
34.30187253	-40.45337276	0
34.31566575	-40.51043977	0
34.32942515	-40.56739855	0
34.34316425	-40.62424909	0
34.3568763	-40.68099815	0
34.37056129	-40.73763899	0
34.38422598	-40.79416482	0
34.39786362	-40.85059595	0
34.41147419	-40.90691884	0
34.42506448	-40.96312673	0
34.43862094	-41.01923992	0
34.45215034	-41.07523811	0
34.46566621	-41.13113482	0
34.47914825	-41.18693007	0
34.49261001	-41.24261031	0
34.5060447	-41.29819585	0
34.51944557	-41.35366639	0
34.53283291	-41.40904223	0
34.54618643	-41.46430306	0
34.55952642	-41.51946919	0
34.57283258	-41.57452032	0
34.58611169	-41.62946998	0
34.5993705	-41.68431816	0
34.61260226	-41.73905812	0
34.62581371	-41.7936966	0
34.63899811	-41.84823361	0
34.65215546	-41.90266239	0
34.66528574	-41.95698969	0
34.67839573	-42.01120876	0
34.69147866	-42.06532636	0
34.70454129	-42.11934926	0
34.71757687	-42.17325715	0
34.73058539	-42.22706357	0
34.74357361	-42.28077529	0
34.75653478	-42.33437878	0
34.76946888	-42.38788079	0
34.7823827	-42.44127457	0
34.79526945	-42.49457364	0
34.80813591	-42.54776447	0
34.82096854	-42.60085384	0
34.83378765	-42.65384173	0
34.84657293	-42.70672816	0
34.85933792	-42.75951311	0
34.87208262	-42.8121966	0
34.88480025	-42.86477861	0
34.89749083	-42.91725915	0
34.91015435	-42.96963822	0
34.92280434	-43.02191582	0
34.9354205	-43.07409196	0
34.94801638	-43.12616662	0
34.96059195	-43.17814657	0
34.97314047	-43.23001829	0
34.98566193	-43.28178854	0
34.9981631	-43.33346408	0
35.0106372	-43.38503816	0
35.02309102	-43.43651076	0
35.03552453	-43.48788189	0
35.04792423	-43.53915832	0
35.06030363	-43.59032651	0
35.07266274	-43.64139999	0
35.08499479	-43.69237877	0
35.09730654	-43.74324932	0
35.10959123	-43.79402515	0
35.12185564	-43.84470629	0
35.13409298	-43.89527918	0
35.14631003	-43.94575737	0
35.15850002	-43.99614086	0
35.17066971	-44.04642288	0
35.18281235	-44.09660342	0
35.19493469	-44.14668249	0
35.20703674	-44.19667363	0
35.21911173	-44.24656329	0
35.23115966	-44.29635148	0
35.24318729	-44.34604497	0
35.25519464	-44.39564375	0
35.26717492	-44.44514106	0
35.27913491	-44.49454366	0
35.29106784	-44.54383803	0
35.30298048	-44.59305122	0
35.31487282	-44.64215618	0
35.3267381	-44.69116643	0
35.33858309	-44.74008874	0
35.35040103	-44.78890958	0
35.36219866	-44.83762895	0
35.37396924	-44.88625362	0
35.38571952	-44.93479034	0
35.39744951	-44.98321883	0
35.40915244	-45.03155937	0
35.42083508	-45.07979845	0
35.43249066	-45.12794958	0
35.44412594	-45.17599925	0
35.45574093	-45.22396097	0
35.46732886	-45.27182122	0
35.4788965	-45.31958677	0
35.49044384	-45.36725761	0
35.50195736	-45.41484051	0
35.51345735	-45.46232194	0
35.52493705	-45.50970866	0
35.53638292	-45.55700068	0
35.54781527	-45.60419799	0
35.55922055	-45.65130736	0
35.57060554	-45.69831526	0
35.58197024	-45.74523522	0
35.59330787	-45.79206047	0
35.60461845	-45.83879102	0
35.6159155	-45.88542686	0
35.62718549	-45.93197477	0
35.63843519	-45.97842796	0
35.64965782	-46.02477968	0
35.66086017	-46.07105023	0
35.67204222	-46.11721931	0
35.68319721	-46.16330721	0
35.6943319	-46.20928688	0
35.7054463	-46.25518537	0
35.71653365	-46.30098915	0
35.7276007	-46.34670499	0
35.73864745	-46.39232613	0
35.74967391	-46.43785256	0
35.76067332	-46.48329105	0
35.77165242	-46.52863483	0
35.78260447	-46.57389068	0
35.79354299	-46.61905181	0
35.80444769	-46.66412501	0
35.81533886	-46.7091035	0
35.82620296	-46.75400081	0
35.83704678	-46.79879666	0
35.8478703	-46.84350456	0
35.85866676	-46.88813129	0
35.86944969	-46.93265654	0
35.88020556	-46.97710062	0
35.89094114	-47.02144323	0
35.90164966	-47.06570466	0
35.91233789	-47.10987815	0
35.92300582	-47.15395694	0
35.93365346	-47.19794778	0
35.94427404	-47.24185068	0
35.95487432	-47.28566565	0
35.96545431	-47.3293859	0
35.97601401	-47.37302498	0
35.98654665	-47.41657612	0
35.99706576	-47.46003255	0
36.00755104	-47.50340105	0
36.0180228	-47.5466816	0
36.02847426	-47.58987421	0
36.03889866	-47.63298564	0
36.04930277	-47.67600237	0
36.05968658	-47.71893115	0
36.07005011	-47.76177876	0
36.08038657	-47.80453167	0
36.09070273	-47.84719663	0
36.10099861	-47.88978042	0
36.11127419	-47.93227626	0
36.12152947	-47.97468417	0
36.13176446	-48.01700413	0
36.1419724	-48.05923615	0
36.15216003	-48.101387	0
36.16232738	-48.1434499	0
36.17247443	-48.18542486	0
36.18260118	-48.22731189	0
36.19270088	-48.26911773	0
36.20278705	-48.31083564	0
36.21284616	-48.3524656	0
36.22288497	-48.39401439	0
36.23290349	-48.43547524	0
36.24290172	-48.47685491	0
36.25287965	-48.51814663	0
36.26283053	-48.55935042	0
36.27276787	-48.60047303	0
36.28267816	-48.6415077	0
36.29256815	-48.6824612	0
36.30243784	-48.72332675	0
36.31228725	-48.76411113	0
36.32211636	-48.80481433	0
36.33192517	-48.84542958	0
36.34171369	-48.88596367	0
36.35147515	-48.92640981	0
36.36122309	-48.96677477	0
36.37094396	-49.00705856	0
36.38065131	-49.04725441	0
36.39033159	-49.08736908	0
36.39999158	-49.12740257	0
36.40963128	-49.16734813	0
36.41925068	-49.20721927	0
36.42885656	-49.24700247	0
36.43843537	-49.28670449	0
36.44799389	-49.32631858	0
36.45753212	-49.36585825	0
36.46705005	-49.40531674	0
36.47654769	-49.4446873	0
36.48602504	-49.48397668	0
36.49548209	-49.52318488	0
36.50491208	-49.5623119	0
36.51433531	-49.60136452	0
36.52373148	-49.64032242	0
36.53310059	-49.67920592	0
36.54246293	-49.718015	0
36.55179822	-49.75673615	0
36.56111321	-49.79537611	0
36.57040791	-49.8339349	0
36.57968231	-49.87241252	0
36.58893642	-49.91081572	0
36.598177	-49.94913774	0
36.60739729	-49.98737183	0
36.61659051	-50.0255315	0
36.62577021	-50.06361676	0
36.63492285	-50.10161408	0
36.64406196	-50.13953699	0
36.65318077	-50.17737872	0
36.6622793	-50.21513928	0
36.67135752	-50.25281865	0
36.68042222	-50.29042362	0
36.68945986	-50.32794741	0
36.69847721	-50.36539003	0
36.70748102	-50.40275823	0
36.71646454	-50.44005202	0
36.72542777	-50.47725787	0
36.7343707	-50.51438931	0
36.74329334	-50.55144634	0
36.75219569	-50.58841542	0
36.76107774	-50.62531686	0
36.76994626	-50.66213712	0
36.77879449	-50.69888297	0
36.78762242	-50.73554765	0
36.79643683	-50.77213114	0
36.80522417	-50.80864023	0
36.81399799	-50.8450749	0
36.82275151	-50.88143517	0
36.83148474	-50.91771425	0
36.84019767	-50.95391893	0
36.84889708	-50.99004243	0
36.85757619	-51.02609151	0
36.866235	-51.06206619	0
36.87487352	-51.09796645	0
36.88349175	-51.13378554	0
36.89209645	-51.16953021	0
36.90068085	-51.20520047	0
36.90925173	-51.24079633	0
36.91780231	-51.276311	0
36.92632583	-51.31175803	0
36.93483582	-51.34712388	0
36.94333229	-51.38241532	0
36.95180846	-51.41763911	0
36.96026433	-51.45278173	0
36.96729285	-51.48818817	0
36.97234609	-51.52382461	0
36.97560667	-51.55963017	0
36.97708138	-51.59547631	0
36.97676343	-51.63123452	0
36.97468667	-51.66691154	0
36.97084432	-51.70235857	0
36.96527697	-51.73745383	0
36.95799816	-51.7722041	0
36.94902816	-51.80648083	0
36.93842788	-51.84016227	0
36.92620407	-51.87324166	0
36.91239731	-51.90563781	0
36.8970888	-51.93720866	0
36.88028528	-51.96794746	0
36.86202059	-51.99780684	0
36.84241649	-52.02663799	0
36.82147975	-52.05442738	0
36.79923065	-52.08116148	0
36.77581126	-52.10669822	0
36.75124863	-52.13101732	0
36.72556983	-52.15412553	0
36.69888985	-52.17590786	0
36.67128988	-52.19633049	0
36.64276314	-52.21540018	0
36.61343816	-52.23305605	0
36.58340966	-52.24923721	0
36.55267763	-52.26397073	0
36.5213503	-52.27720925	0
36.48953592	-52.28891894	0
36.457248	-52.29909982	0
36.42451362	-52.3077654	0
36.39127188	-52.31490216	0
